0.19832 0.715893 0.967825 0.769432 0.0807073 
0.459925 0.257262 0.777046 0.583883 0.9503 
0.4381 0.322289 0.532405 0.256359 0.0455399 
0.504976 0.696239 0.0912189 0.90712 0.0309147
0.152036 0.98152 0.620412 0.298767 0.361325
0.480969 0.297847 0.285187 0.924194 0.628902
0.755031 0.713892 0.722758 0.069837 0.486835
0.0888609 0.759622 0.423817 0.596983 0.0864162
0.272961 0.623808 0.222135 0.225448 0.43414
0.987307 0.21099 0.853215 0.284114 0.836365
0.366719 0.935147 0.859905 0.490911 0.0220786
0.362117 0.736445 0.519371 0.422952 0.0290329
0.909242 0.11218 0.980166 0.687829 0.487331
0.735908 0.588669 0.528452 0.455645 0.828303 
0.870392 0.49149 0.96953 0.888796 0.138265
0.436551 0.343911 0.118927 0.548245 0.759026
0.0324015 0.101607 0.586928 0.695038 0.791824
0.849987 0.875281 0.605491 0.953564 0.990865
0.867071 0.644111 0.604654 0.912689 0.466998
0.0791418 0.904333 0.827346 0.147311 0.80717
